255 255 255 255
188 188 188 255
122 114 127 255
77 69 71 255
43 45 46 255
17 19 25 255
14 14 12 255
DIV: Eksi - Grey cool

220 202 188 255
169 162 143 255
126 120 106 255
103 93 82 255
66 63 51 255
74 61 54 255
30 30 25 255
DIV: Eksi - Grey warm

224 25 22 255
107 20 21 255
121 41 34 255
203 91 85 255
137 82 64 255
126 88 63 255
117 90 74 255
DIV: Eksi - Red

255 128 37 255
255 155 95 255
134 61 31 255
65 51 41 255
74 32 13 255
97 62 43 255
95 52 32 255
DIV: Eksi - Orange

255 215 60 255
255 182 81 255
255 235 166 255
162 118 76 255
158 113 42 255
191 115 65 255
254 188 154 255
DIV: Eksi - Yellow

35 120 49 255
127 193 127 255
90 96 68 255
80 111 52 255
108 123 39 255
184 189 96 255
88 96 51 255
DIV: Eksi - Green

40 173 155 255
9 60 44 255
155 169 129 255
117 172 159 255
182 195 178 255
90 99 90 255
78 87 98 255
DIV: Eksi - Cyan

53 55 132 255
33 44 66 255
140 151 172 255
69 78 86 255
82 115 155 255
21 65 86 255
141 185 255 255
DIV: Eksi - Blue

255 255 255 0
255 255 255 64
141 185 255 128
48 48 48 192
193 153 185 255
66 29 81 255
158 72 141 255
0 0 0 255
DIV: Eksi - Special